Turb_COM= 8
AUTO_COM= 12
vol_max= 32.000000
deltaT= 1800.000000
dilf= 0.750000
od_crit= 0.100000
c0= 1000.000000
vol0= 24.900000
vol1= 25.299999
vol2= 24.879999
vol3= 25.559999
odbkg0= -0.185298
odbkg1= 0.021600
odbkg2= 0.022879
odbkg3= 0.068942
ml_per_mm_LB= 0.181919
ml_per_mm_A= 0.108400
mm_per_OD= 36.000000
output_name C:\tmp\test.txt
AUTOodcrit= 0.000000
AUTOdeltaT= 120.000000
od_crit_mode= 1
