Turb_COM= 8
AUTO_COM= 12
vol_max= 32.000000
deltaT= 1800.000000
dilf= 0.750000
od_crit= 0.100000
c0= 1000.000000
vol0= 26.549999
vol1= 25.540001
vol2= 26.290001
vol3= 28.000000
odbkg0= -0.165500
odbkg1= -0.043800
odbkg2= 0.117800
odbkg3= 0.033000
ml_per_mm_LB= 0.181919
ml_per_mm_A= 0.108400
mm_per_OD= 36.000000
output_name C:\tmp\test.txt
AUTOodcrit= 0.000000
AUTOdeltaT= 120.000000
