Turb_COM= 3
AUTO_COM= 12
vol_max= 32.000000
deltaT= 1800.000000
dilf= 0.750000
od_crit= 0.100000
c0= 1000.000000
vol0= 25.080000
vol1= 25.580000
vol2= 24.889999
vol3= 25.230000
odbkg0= 0.114100
odbkg1= 0.022300
odbkg2= 0.303200
odbkg3= -0.256000
ml_per_mm_LB= 0.184146
ml_per_mm_A= 0.108216
ml_per_mm_OUT= 0.180821
mm_per_OD= 36.000000
output_name C:\tmp\test.txt
AUTOodcrit= 0.000000
AUTOdeltaT= 120.000000
od_crit_mode= 1
