Turb_COM= 3
AUTO_COM= 12
vol_max= 32.000000
deltaT= 1800.000000
dilf= 0.750000
od_crit= 0.100000
c0= 1000.000000
vol0= 25.600000
vol1= 25.040001
vol2= 25.290001
vol3= 26.719999
odbkg0= 0.055500
odbkg1= -0.004000
odbkg2= -0.087000
odbkg3= -0.065300
ml_per_mm_LB= 0.184146
ml_per_mm_A= 0.108400
ml_per_mm_OUT= 0.180821
mm_per_OD= 36.000000
output_name C:\tmp\test.txt
AUTOodcrit= 0.000000
AUTOdeltaT= 120.000000
od_crit_mode= 1
