Turb_COM= 8
AUTO_COM= 12
vol_max= 32.000000
deltaT= 1800.000000
dilf= 0.750000
od_crit= 0.100000
c0= 1000.000000
vol0= 25.370001
vol1= 25.170000
vol2= 24.940001
vol3= 25.549999
odbkg0= -0.179300
odbkg1= -0.037700
odbkg2= 0.017000
odbkg3= 0.086900
ml_per_mm_LB= 0.181919
ml_per_mm_A= 0.108400
mm_per_OD= 36.000000
output_name C:\tmp\test.txt
AUTOodcrit= 0.000000
AUTOdeltaT= 120.000000
od_crit_mode= 1
