Turb_COM= 3
AUTO_COM= 12
vol_max= 32.000000
deltaT= 1800.000000
dilf= 0.750000
od_crit= 0.100000
c0= 1000.000000
vol0= 25.340000
vol1= 24.830000
vol2= 23.959999
vol3= 25.059999
odbkg0= 0.046700
odbkg1= 0.004900
odbkg2= -0.039600
odbkg3= 0.108000
ml_per_mm_LB= 0.181919
ml_per_mm_A= 0.108400
ml_per_mm_OUT= 0.182651
mm_per_OD= 36.000000
output_name C:\tmp\test.txt
AUTOodcrit= 0.000000
AUTOdeltaT= 120.000000
od_crit_mode= 1
