Turb_COM= 3
AUTO_COM= 12
vol_max= 32.000000
deltaT= 1800.000000
dilf= 0.750000
od_crit= 0.100000
c0= 1000.000000
vol0= 24.440001
vol1= 24.959999
vol2= 25.620001
vol3= 27.100000
odbkg0= 0.028400
odbkg1= -0.062100
odbkg2= -0.077200
odbkg3= -0.017900
ml_per_mm_LB= 0.184146
ml_per_mm_A= 0.108400
ml_per_mm_OUT= 0.180821
mm_per_OD= 36.000000
output_name C:\tmp\test.txt
AUTOodcrit= 0.000000
AUTOdeltaT= 120.000000
od_crit_mode= 1
