Turb_COM= 8
AUTO_COM= 12
vol_max= 32.000000
deltaT= 1800.000000
dilf= 0.750000
od_crit= 0.100000
c0= 1000.000000
vol0= 24.830000
vol1= 25.680000
vol2= 25.100000
vol3= 24.670000
odbkg0= -0.201100
odbkg1= -0.065500
odbkg2= 0.037400
odbkg3= 0.076600
ml_per_mm_LB= 0.181919
ml_per_mm_A= 0.108400
mm_per_OD= 36.000000
output_name C:\tmp\test.txt
AUTOodcrit= 0.000000
AUTOdeltaT= 120.000000
od_crit_mode= 1
