Turb_COM= 3
AUTO_COM= 12
vol_max= 32.000000
deltaT= 1800.000000
dilf= 0.750000
od_crit= 0.100000
c0= 500.000000
vol0= 25.410000
vol1= 24.820000
vol2= 24.950001
vol3= 26.219999
odbkg0= 0.024900
odbkg1= 0.026500
odbkg2= 0.039900
odbkg3= 0.129000
ml_per_mm_LB= 0.181919
ml_per_mm_A= 0.108400
ml_per_mm_OUT= 0.182651
mm_per_OD= 36.000000
output_name C:\tmp\test.txt
AUTOodcrit= 0.000000
AUTOdeltaT= 120.000000
od_crit_mode= 1
