Turb_COM= 3
AUTO_COM= 12
vol_max= 32.000000
deltaT= 1800.000000
dilf= 0.750000
od_crit= 0.100000
c0= 1000.000000
vol0= 25.420000
vol1= 24.790001
vol2= 24.770000
vol3= 26.150000
odbkg0= 0.013500
odbkg1= 0.031700
odbkg2= 0.080400
odbkg3= 0.166100
ml_per_mm_LB= 0.181919
ml_per_mm_A= 0.108400
ml_per_mm_OUT= 0.182651
mm_per_OD= 36.000000
output_name C:\tmp\test.txt
AUTOodcrit= 0.000000
AUTOdeltaT= 120.000000
od_crit_mode= 1
