Turb_COM= 3
AUTO_COM= 12
vol_max= 32.000000
deltaT= 1800.000000
dilf= 0.750000
od_crit= 0.100000
c0= 500.000000
vol0= 25.750000
vol1= 26.059999
vol2= 25.070000
vol3= 25.459999
odbkg0= 0.012600
odbkg1= -0.004100
odbkg2= -0.241800
odbkg3= -0.061600
ml_per_mm_LB= 0.184146
ml_per_mm_A= 0.108400
ml_per_mm_OUT= 0.180821
mm_per_OD= 36.000000
output_name C:\tmp\test.txt
AUTOodcrit= 0.000000
AUTOdeltaT= 120.000000
od_crit_mode= 1
